130
1 334.590924584 161.780931914
2 397.644663407 262.816533071
3 503.874182711 172.874115117
4 444.04794035 384.649180965
5 311.613714675 2.0091699828
6 662.855101138 549.230126365
7 40.0979030612 187.237543079
8 526.894140918 215.707909218
9 209.188793849 691.026229195
10 683.267413197 414.209628691
11 280.749443875 5.9206392047
12 252.749309008 535.743038502
13 698.785045192 348.441372977
14 678.75746781 410.725642444
15 220.004113118 409.122581287
16 355.152855685 76.3912076444
17 296.972422779 313.131279236
18 504.515407173 240.88665645
19 224.107949679 358.487222891
20 470.680129697 309.625918841
21 554.253051322 279.424246652
22 567.633268442 352.716202727
23 599.053267109 361.094869039
24 240.523295921 430.603600784
25 32.0825972787 345.855100978
26 91.0538736891 148.721327026
27 248.217989472 343.952801738
28 488.890904435 3.6122311393
29 206.046793982 437.763940617
30 575.840941563 141.967096019
31 282.608994816 329.418380586
32 27.6581484868 424.768458175
33 568.573730987 287.097566055
34 269.463893333 295.946463639
35 417.800485681 341.259658995
36 32.1680938737 448.899872117
37 561.477513601 357.354393007
38 342.948216747 492.332142384
39 399.675207538 156.843503552
40 571.737105003 375.757535083
41 370.755984275 151.90607519
42 509.70932532 435.797518931
43 177.020699975 295.604477258
44 526.16741986 409.485941816
45 316.572517185 65.6400108214
46 469.290810028 281.989144502
47 572.763064143 373.320882126
48 29.5176994283 330.0382309
49 454.008293669 537.217854766
50 416.154676227 227.613310074
51 535.251433081 471.064864374
52 265.445553367 684.998719246
53 478.054211017 509.645202874
54 370.478120341 332.539006304
55 598.3479202 446.869327986
56 201.152113918 649.026026894
57 193.692536003 680.232284074
58 448.579259886 532.793405974
59 603.285348562 134.400647361
60 543.010249078 481.516823115
61 214.575079335 43.6460117543
62 426.350145183 61.7285415996
63 89.0447037063 277.115838587
64 84.4920100219 31.8474816424
65 220.046861415 623.077810308
66 688.461331344 0.4702312726
67 687.285753163 373.534623613
68 75.4934933967 312.917537749
69 63.4170993511 23.7039309674
70 97.9363495877 211.091093088
71 399.525588497 170.822196837
72 456.316701735 597.193716168
73 319.885510242 626.839660489
74 295.92508949 664.629155484
75 288.486885723 667.728407054
76 268.395185895 52.9010181645
77 140.470905607 513.556672096
78 689.807902716 167.594700375
79 280.578450685 458.753354693
80 453.388443355 282.908232899
81 213.570494343 525.868181778
82 133.695300452 677.175780803
83 521.165869052 132.861708651
84 30.2657946347 450.075450299
85 657.019958528 39.7772908299
86 6.9252241961 23.8749241575
87 252.428696777 535.165936486
88 42.8551682504 63.8232081774
89 145.89993939 399.525588497
90 638.488571559 62.6262558472
91 489.275639112 665.313128245
92 361.223113931 564.23477879
93 519.947542573 347.971141704
94 129.334974106 435.669274039
95 259.717281502 454.649518132
96 676.342189001 371.097970655
97 84.5133841706 183.326073857
98 77.7164048671 354.38338633
99 335.980244253 660.632189668
100 264.355471781 377.574337727
101 51.6826916855 676.042950919
102 692.13768493 543.801092582
103 169.21913568 547.819432548
104 194.013148234 263.479131682
105 415.192839533 78.9133571973
106 415.043220492 479.080170157
107 169.838985994 245.610343324
108 525.098712423 213.506371897
109 238.685119128 33.4932910965
110 116.211246772 363.574270294
111 16.9283258126 656.571101404
112 434.344076816 92.6996831431
113 40.5253860363 424.68296158
114 530.484997909 183.839053427
115 484.359584899 49.2460387276
116 263.650124872 426.585260819
117 450.289191786 126.385341578
118 441.782280582 299.772436265
119 24.2169105375 500.347448166
120 503.788686116 514.68950198
121 635.538939031 200.981120728
122 614.592273253 418.869193119
123 21.7161351334 660.974176048
124 143.826646961 92.6996831431
125 637.719102204 54.2048412384
126 566.564561004 199.955161587
127 196.684916828 221.820915762
128 384.927044899 87.4630166986
129 178.110781561 104.690580594
130 403.287438678 205.897174941
